{
  "teams": [
    "Bayonne",
    "Bordeaux-Begles",
    "Brive",
    "Castres",
    "Clermont",
    "La Rochelle",
    "Lyon",
    "Montpellier",
    "Pau",
    "Perpignan",
    "Racing 92",
    "Stade Francais",
    "Toulon",
    "Toulouse"
  ],
  "matrix": [
    [
      0.0,
      -1.5,
      12.5,
      7.0,
      4.0,
      -2.0,
      -11.0,
      -9.0,
      -5.0,
      -1.5,
      -17.5,
      -3.5,
      -5.0,
      -0.5
    ],
    [
      1.5,
      0.0,
      20.5,
      8.0,
      4.5,
      -12.333333333333334,
      2.0,
      10.0,
      1.0,
      16.5,
      4.5,
      -0.5,
      -7.5,
      -7.5
    ],
    [
      -12.5,
      -20.5,
      0.0,
      -4.5,
      -12.0,
      -9.0,
      -0.5,
      -2.0,
      -5.5,
      4.5,
      -7.5,
      -16.0,
      -19.0,
      -41.0
    ],
    [
      -7.0,
      -8.0,
      4.5,
      0.0,
      -5.5,
      -30.5,
      -0.5,
      11.0,
      -16.5,
      3.0,
      -3.0,
      -4.5,
      2.5,
      3.0
    ],
    [
      -4.0,
      -4.5,
      12.0,
      5.5,
      0.0,
      -2.0,
      1.5,
      -11.5,
      2.0,
      10.5,
      -13.5,
      5.0,
      7.0,
      -27.5
    ],
    [
      2.0,
      12.333333333333334,
      9.0,
      30.5,
      2.0,
      0.0,
      -1.0,
      -3.5,
      -6.5,
      27.0,
      1.0,
      -4.5,
      21.0,
      3.6666666666666665
    ],
    [
      11.0,
      -2.0,
      0.5,
      0.5,
      -1.5,
      1.0,
      0.0,
      8.5,
      6.5,
      0.5,
      10.5,
      3.0,
      -11.0,
      1.0
    ],
    [
      9.0,
      -10.0,
      2.0,
      -11.0,
      11.5,
      3.5,
      -8.5,
      0.0,
      0.5,
      14.5,
      -1.0,
      -3.0,
      4.0,
      -8.0
    ],
    [
      5.0,
      -1.0,
      5.5,
      16.5,
      -2.0,
      6.5,
      -6.5,
      -0.5,
      0.0,
      -9.0,
      3.0,
      -18.0,
      -14.0,
      -7.0
    ],
    [
      1.5,
      -16.5,
      -4.5,
      -3.0,
      -10.5,
      -27.0,
      -0.5,
      -14.5,
      9.0,
      0.0,
      -7.5,
      -21.0,
      -8.0,
      -8.0
    ],
    [
      17.5,
      -4.5,
      7.5,
      3.0,
      13.5,
      -1.0,
      -10.5,
      1.0,
      -3.0,
      7.5,
      0.0,
      -7.0,
      26.5,
      -19.333333333333332
    ],
    [
      3.5,
      0.5,
      16.0,
      4.5,
      -5.0,
      4.5,
      -3.0,
      3.0,
      18.0,
      21.0,
      7.0,
      0.0,
      -16.5,
      4.5
    ],
    [
      5.0,
      7.5,
      19.0,
      -2.5,
      -7.0,
      -21.0,
      11.0,
      -4.0,
      14.0,
      8.0,
      -26.5,
      16.5,
      0.0,
      -4.5
    ],
    [
      0.5,
      7.5,
      41.0,
      -3.0,
      27.5,
      -3.6666666666666665,
      -1.0,
      8.0,
      7.0,
      8.0,
      19.333333333333332,
      -4.5,
      4.5,
      0.0
    ]
  ]
}