{
  "teams": [
    "Bath Rugby",
    "Exeter Chiefs",
    "Gloucester Rugby",
    "Harlequins",
    "Leicester Tigers",
    "London Irish",
    "Newcastle Falcons",
    "Northampton Saints",
    "Sale Sharks",
    "Saracens",
    "Wasps",
    "Worcester Warriors"
  ],
  "matrix": [
    [
      0.0,
      -7.5,
      11.0,
      4.5,
      -5.5,
      24.0,
      -9.0,
      2.5,
      -11.0,
      -10.977777777777778,
      5.5,
      18.5
    ],
    [
      7.5,
      0.0,
      14.5,
      19.0,
      8.5,
      35.0,
      11.0,
      11.0,
      9.5,
      -1.0,
      4.0,
      15.0
    ],
    [
      -11.0,
      -14.5,
      0.0,
      8.5,
      -3.5,
      14.0,
      10.5,
      1.0,
      -21.5,
      -21.377777777777776,
      -12.5,
      -2.5
    ],
    [
      -4.5,
      -19.0,
      -8.5,
      0.0,
      -9.0,
      -20.0,
      -9.5,
      10.5,
      7.5,
      -6.0,
      -9.5,
      -12.5
    ],
    [
      5.5,
      -8.5,
      3.5,
      9.0,
      0.0,
      2.5,
      7.5,
      -9.5,
      15.0,
      -2.0,
      -3.0,
      12.5
    ],
    [
      -24.0,
      -35.0,
      -14.0,
      20.0,
      -2.5,
      0.0,
      -8.5,
      -11.5,
      -16.5,
      -34.0,
      -6.0,
      -1.0
    ],
    [
      9.0,
      -11.0,
      -10.5,
      9.5,
      -7.5,
      8.5,
      0.0,
      2.5,
      3.0,
      -18.5,
      -23.5,
      6.5
    ],
    [
      -2.5,
      -11.0,
      -1.0,
      -10.5,
      9.5,
      11.5,
      -2.5,
      0.0,
      -6.0,
      -50.0,
      -11.5,
      -3.5
    ],
    [
      11.0,
      -9.5,
      21.5,
      -7.5,
      -15.0,
      16.77777777777778,
      -3.0,
      6.0,
      0.0,
      -18.59090909090909,
      -7.0,
      18.5
    ],
    [
      11.5,
      1.0,
      22.0,
      6.0,
      2.0,
      33.93333333333333,
      18.5,
      50.0,
      17.65,
      0.0,
      22.0,
      18.5
    ],
    [
      -5.5,
      -4.0,
      12.5,
      9.5,
      3.0,
      6.0,
      23.5,
      11.5,
      7.0,
      -22.0,
      0.0,
      14.5
    ],
    [
      -18.5,
      -15.0,
      2.5,
      12.5,
      -12.5,
      1.0,
      -6.5,
      3.5,
      -18.5,
      -18.5,
      -14.5,
      0.0
    ]
  ]
}