{
  "teams": [
    "Bath Rugby",
    "Bristol Bears",
    "Exeter Chiefs",
    "Gloucester Rugby",
    "Harlequins",
    "Leicester Tigers",
    "Newcastle",
    "Northampton Saints",
    "Sale Sharks",
    "Saracens"
  ],
  "matrix": [
    [
      0.0,
      25.0,
      7.0,
      12.5,
      16.0,
      -2.0,
      36.0,
      -20.0,
      12.0,
      7.0
    ],
    [
      -25.0,
      0.0,
      4.5,
      15.0,
      26.0,
      18.0,
      9.0,
      34.0,
      2.0,
      -33.0
    ],
    [
      -7.0,
      -4.5,
      0.0,
      27.0,
      38.0,
      14.0,
      23.0,
      0.0,
      1.0,
      6.0
    ],
    [
      -12.5,
      -15.0,
      -27.0,
      0.0,
      11.0,
      -31.0,
      -6.0,
      -2.0,
      -17.0,
      -9.0
    ],
    [
      -16.0,
      -26.0,
      -38.0,
      -11.0,
      0.0,
      -18.5,
      38.0,
      -45.0,
      -26.0,
      6.0
    ],
    [
      2.0,
      -18.0,
      -14.0,
      31.0,
      18.5,
      0.0,
      22.0,
      -6.0,
      1.0,
      8.0
    ],
    [
      -36.0,
      -9.0,
      -23.0,
      6.0,
      -38.0,
      -22.0,
      0.0,
      -17.0,
      -52.0,
      -40.5
    ],
    [
      20.0,
      -34.0,
      0.0,
      2.0,
      45.0,
      6.0,
      17.0,
      0.0,
      20.0,
      12.0
    ],
    [
      -12.0,
      -2.0,
      -1.0,
      17.0,
      26.0,
      -1.0,
      52.0,
      -20.0,
      0.0,
      -51.0
    ],
    [
      -7.0,
      33.0,
      -6.0,
      9.0,
      -6.0,
      -8.0,
      40.5,
      -12.0,
      51.0,
      0.0
    ]
  ]
}