{
  "teams": [
    "Bath Rugby",
    "Bristol Bears",
    "Exeter Chiefs",
    "Gloucester Rugby",
    "Harlequins",
    "Leicester Tigers",
    "Newcastle",
    "Northampton Saints",
    "Sale Sharks",
    "Saracens"
  ],
  "matrix": [
    [
      0.0,
      -6.0,
      3.0,
      16.0,
      10.5,
      11.666666666666666,
      30.5,
      10.5,
      18.0,
      24.0
    ],
    [
      6.0,
      0.0,
      9.5,
      -14.0,
      25.0,
      6.5,
      20.5,
      -4.5,
      -26.0,
      -5.5
    ],
    [
      -3.0,
      -9.5,
      0.0,
      -27.5,
      -9.5,
      -8.0,
      -2.0,
      11.0,
      -11.0,
      -3.0
    ],
    [
      -16.0,
      14.0,
      27.5,
      0.0,
      -2.5,
      2.0,
      21.5,
      11.5,
      6.0,
      -15.5
    ],
    [
      -10.5,
      -25.0,
      9.5,
      2.5,
      0.0,
      -16.5,
      19.0,
      -0.5,
      -7.5,
      9.0
    ],
    [
      -11.666666666666666,
      -6.5,
      8.0,
      -2.0,
      16.5,
      0.0,
      27.0,
      24.5,
      0.3333333333333333,
      -2.0
    ],
    [
      -30.5,
      -20.5,
      2.0,
      -21.5,
      -19.0,
      -27.0,
      0.0,
      -31.0,
      -28.5,
      -21.0
    ],
    [
      -10.5,
      4.5,
      -11.0,
      -11.5,
      0.5,
      -24.5,
      31.0,
      0.0,
      13.5,
      -5.5
    ],
    [
      -18.0,
      26.0,
      11.0,
      -6.0,
      7.5,
      -0.3333333333333333,
      28.5,
      -13.5,
      0.0,
      -0.5
    ],
    [
      -24.0,
      5.5,
      3.0,
      15.5,
      -9.0,
      2.0,
      21.0,
      5.5,
      0.5,
      0.0
    ]
  ]
}