{
  "teams": [
    "Benetton Rugby",
    "Cardiff Rugby",
    "Connacht Rugby",
    "DHL Stormers",
    "Dragons RFC",
    "Edinburgh Rugby",
    "Emirates Lions",
    "Glasgow Warriors",
    "Hollywoodbets Sharks",
    "Leinster Rugby",
    "Munster Rugby",
    "Ospreys",
    "Scarlets",
    "Ulster Rugby",
    "Vodacom Bulls",
    "Zebre Parma"
  ],
  "matrix": [
    [
      0.0,
      1.0,
      4.0,
      3.0,
      17.0,
      13.5,
      5.0,
      -12.0,
      1.0,
      -29.0,
      0.0,
      5.0,
      -3.0,
      -4.0,
      -14.0,
      14.5
    ],
    [
      -1.0,
      0.0,
      -4.0,
      7.0,
      20.5,
      -17.0,
      -21.0,
      -4.0,
      22.0,
      -13.0,
      -5.0,
      -5.0,
      -6.0,
      -2.0,
      -6.0,
      0.0
    ],
    [
      -4.0,
      4.0,
      0.0,
      -4.0,
      7.0,
      -3.0,
      -24.0,
      8.0,
      1.0,
      -14.0,
      -11.0,
      8.0,
      16.0,
      0.5,
      -26.0,
      38.0
    ],
    [
      -3.0,
      -7.0,
      4.0,
      0.0,
      23.0,
      22.0,
      3.5,
      -14.0,
      2.5,
      30.0,
      -7.0,
      -6.0,
      45.0,
      6.0,
      -6.0,
      24.0
    ],
    [
      -17.0,
      -20.5,
      -7.0,
      -23.0,
      0.0,
      -5.0,
      -25.0,
      -33.0,
      -55.0,
      -23.0,
      -31.0,
      1.0,
      -8.0,
      -23.0,
      -21.0,
      7.0
    ],
    [
      -13.5,
      17.0,
      3.0,
      -22.0,
      5.0,
      0.0,
      1.0,
      -3.5,
      -10.0,
      -9.0,
      -3.0,
      4.0,
      25.0,
      3.0,
      8.0,
      15.5
    ],
    [
      -5.0,
      21.0,
      24.0,
      -3.5,
      25.0,
      -1.0,
      0.0,
      23.0,
      16.0,
      32.0,
      -20.0,
      -15.0,
      1.0,
      -7.0,
      -8.5,
      42.0
    ],
    [
      12.0,
      4.0,
      -8.0,
      14.0,
      33.0,
      3.5,
      -23.0,
      0.0,
      11.0,
      18.0,
      -2.0,
      8.0,
      42.0,
      13.0,
      -0.5,
      21.5
    ],
    [
      -1.0,
      -22.0,
      -1.0,
      -2.5,
      55.0,
      10.0,
      -16.0,
      -11.0,
      0.0,
      -21.0,
      -13.0,
      -14.0,
      5.0,
      10.0,
      -23.0,
      -2.0
    ],
    [
      29.0,
      13.0,
      14.0,
      -30.0,
      23.0,
      9.0,
      -32.0,
      -18.0,
      21.0,
      0.0,
      5.5,
      47.0,
      49.0,
      6.666666666666667,
      14.0,
      24.0
    ],
    [
      0.0,
      5.0,
      11.0,
      7.0,
      31.0,
      3.0,
      20.0,
      2.0,
      13.0,
      -5.5,
      0.0,
      13.0,
      35.0,
      -1.0,
      5.0,
      16.0
    ],
    [
      -5.0,
      5.0,
      -8.0,
      6.0,
      -1.0,
      -4.0,
      15.0,
      -8.0,
      14.0,
      -47.0,
      -13.0,
      0.0,
      18.0,
      2.0,
      -37.0,
      3.0
    ],
    [
      3.0,
      6.0,
      -16.0,
      -45.0,
      8.0,
      -25.0,
      -1.0,
      -42.0,
      -5.0,
      -49.0,
      -35.0,
      -18.0,
      0.0,
      -11.0,
      -42.0,
      14.0
    ],
    [
      4.0,
      2.0,
      -0.5,
      -6.0,
      23.0,
      -3.0,
      7.0,
      -13.0,
      -10.0,
      -6.666666666666667,
      1.0,
      -2.0,
      11.0,
      0.0,
      7.0,
      4.0
    ],
    [
      14.0,
      6.0,
      26.0,
      6.0,
      21.0,
      -8.0,
      8.5,
      0.5,
      23.0,
      -14.0,
      -5.0,
      37.0,
      42.0,
      -7.0,
      0.0,
      25.0
    ],
    [
      -14.5,
      0.0,
      -38.0,
      -24.0,
      -7.0,
      -15.5,
      -42.0,
      -21.5,
      2.0,
      -24.0,
      -16.0,
      -3.0,
      -14.0,
      -4.0,
      -25.0,
      0.0
    ]
  ]
}