{
  "teams": [
    "Benetton Rugby",
    "Cardiff Rugby",
    "Connacht Rugby",
    "DHL Stormers",
    "Dragons RFC",
    "Edinburgh Rugby",
    "Emirates Lions",
    "Glasgow Warriors",
    "Hollywoodbets Sharks",
    "Leinster Rugby",
    "Munster Rugby",
    "Ospreys",
    "Scarlets",
    "Ulster Rugby",
    "Vodacom Bulls",
    "Zebre Parma"
  ],
  "matrix": [
    [
      0.0,
      1.0,
      -8.0,
      -51.0,
      10.0,
      -7.0,
      11.0,
      -3.0,
      28.0,
      -30.0,
      -9.0,
      -43.0,
      0.0,
      15.0,
      -2.0,
      6.5
    ],
    [
      -1.0,
      0.0,
      -5.0,
      -10.0,
      5.0,
      -19.0,
      3.0,
      -16.0,
      -20.0,
      -18.0,
      5.0,
      8.5,
      1.5,
      2.0,
      -24.0,
      5.0
    ],
    [
      8.0,
      5.0,
      0.0,
      -5.0,
      24.0,
      -10.0,
      -19.0,
      -3.0,
      6.0,
      -14.5,
      -4.0,
      -3.0,
      1.0,
      -7.5,
      -14.0,
      10.0
    ],
    [
      51.0,
      10.0,
      5.0,
      0.0,
      36.0,
      -31.0,
      6.0,
      -14.5,
      -1.0,
      -24.0,
      15.0,
      -13.0,
      12.0,
      -4.0,
      1.0,
      31.0
    ],
    [
      -10.0,
      -5.0,
      -24.0,
      -36.0,
      0.0,
      -33.0,
      -4.0,
      -25.0,
      -3.0,
      -28.0,
      -19.0,
      -15.5,
      -12.5,
      -4.0,
      -40.0,
      -10.0
    ],
    [
      7.0,
      19.0,
      10.0,
      31.0,
      33.0,
      0.0,
      -34.0,
      -8.0,
      -1.0,
      -2.0,
      6.0,
      -9.0,
      -6.0,
      30.0,
      -7.5,
      -2.5
    ],
    [
      -11.0,
      -3.0,
      19.0,
      -6.0,
      4.0,
      34.0,
      0.0,
      -42.0,
      10.5,
      -18.0,
      -7.0,
      1.0,
      -13.0,
      13.0,
      -12.5,
      1.0
    ],
    [
      3.0,
      16.0,
      3.0,
      14.5,
      25.0,
      8.0,
      42.0,
      0.0,
      -4.0,
      -13.0,
      3.0,
      -1.0,
      2.0,
      -1.0,
      -7.0,
      19.0
    ],
    [
      -28.0,
      20.0,
      -6.0,
      1.0,
      3.0,
      1.0,
      -10.5,
      4.0,
      0.0,
      -3.0,
      8.5,
      19.0,
      9.0,
      3.0,
      0.3333333333333333,
      1.0
    ],
    [
      30.0,
      18.0,
      14.5,
      24.0,
      28.0,
      2.0,
      18.0,
      13.0,
      3.0,
      0.0,
      17.5,
      3.0,
      -0.5,
      15.5,
      12.0,
      71.0
    ],
    [
      9.0,
      -5.0,
      4.0,
      -15.0,
      19.0,
      -6.0,
      7.0,
      -3.0,
      -8.5,
      -17.5,
      0.0,
      23.0,
      21.0,
      10.5,
      -3.0,
      -9.0
    ],
    [
      43.0,
      -8.5,
      3.0,
      13.0,
      15.5,
      9.0,
      -1.0,
      1.0,
      -19.0,
      -3.0,
      -23.0,
      0.0,
      -7.5,
      -24.0,
      -10.0,
      -5.0
    ],
    [
      0.0,
      -1.5,
      -1.0,
      -12.0,
      12.5,
      6.0,
      13.0,
      -2.0,
      -9.0,
      0.5,
      -21.0,
      7.5,
      0.0,
      -2.0,
      1.0,
      22.0
    ],
    [
      -15.0,
      -2.0,
      7.5,
      4.0,
      4.0,
      -30.0,
      -13.0,
      1.0,
      -3.0,
      -15.5,
      -10.5,
      24.0,
      2.0,
      0.0,
      -26.0,
      -1.0
    ],
    [
      2.0,
      24.0,
      14.0,
      -1.0,
      40.0,
      7.5,
      12.5,
      7.0,
      -0.3333333333333333,
      -12.0,
      3.0,
      10.0,
      -1.0,
      26.0,
      0.0,
      39.0
    ],
    [
      -6.5,
      -5.0,
      -10.0,
      -31.0,
      10.0,
      2.5,
      -1.0,
      -19.0,
      -1.0,
      -71.0,
      9.0,
      5.0,
      -22.0,
      1.0,
      -39.0,
      0.0
    ]
  ]
}