{
  "teams": [
    "Bath Rugby",
    "Bristol Bears",
    "Exeter Chiefs",
    "Gloucester Rugby",
    "Harlequins",
    "Leicester Tigers",
    "London Irish",
    "Newcastle",
    "Northampton Saints",
    "Sale Sharks",
    "Saracens",
    "Wasps",
    "Worcester Warriors"
  ],
  "matrix": [
    [
      0.0,
      -1.5,
      -13.5,
      -42.0,
      -5.0,
      -10.5,
      3.0,
      -1.0,
      -13.0,
      -0.5,
      -45.5,
      -13.5,
      -6.5
    ],
    [
      1.5,
      0.0,
      0.5,
      -8.0,
      -18.5,
      -16.0,
      -2.5,
      4.0,
      -16.5,
      -3.0,
      -10.5,
      -12.0,
      8.5
    ],
    [
      13.5,
      -0.5,
      0.0,
      6.0,
      3.5,
      -10.0,
      -8.0,
      0.0,
      0.5,
      8.5,
      -6.5,
      1.5,
      16.5
    ],
    [
      42.0,
      8.0,
      -6.0,
      0.0,
      -3.5,
      -9.5,
      8.5,
      9.5,
      -4.5,
      -0.5,
      24.0,
      -2.0,
      8.0
    ],
    [
      5.0,
      18.5,
      -3.5,
      3.5,
      0.0,
      2.0,
      12.0,
      10.0,
      6.5,
      -14.0,
      -11.0,
      7.5,
      7.0
    ],
    [
      10.5,
      16.0,
      10.0,
      9.5,
      -2.0,
      0.0,
      12.0,
      26.5,
      19.0,
      -0.5,
      -1.0,
      3.5,
      32.5
    ],
    [
      -3.0,
      2.5,
      8.0,
      -8.5,
      -12.0,
      -12.0,
      0.0,
      25.0,
      -11.0,
      0.0,
      1.0,
      -4.0,
      9.5
    ],
    [
      1.0,
      -4.0,
      0.0,
      -9.5,
      -10.0,
      -26.5,
      -25.0,
      0.0,
      -37.5,
      -8.0,
      -14.5,
      0.5,
      17.5
    ],
    [
      13.0,
      16.5,
      -0.5,
      4.5,
      -6.5,
      -19.0,
      11.0,
      37.5,
      0.0,
      -12.5,
      -14.0,
      -0.5,
      36.0
    ],
    [
      0.5,
      3.0,
      -8.5,
      0.5,
      14.0,
      0.5,
      0.0,
      8.0,
      12.5,
      0.0,
      -8.5,
      8.5,
      -13.0
    ],
    [
      45.5,
      10.5,
      6.5,
      -24.0,
      11.0,
      1.0,
      -1.0,
      14.5,
      14.0,
      8.5,
      0.0,
      17.5,
      27.0
    ],
    [
      13.5,
      12.0,
      -1.5,
      2.0,
      -7.5,
      -3.5,
      4.0,
      -0.5,
      0.5,
      -8.5,
      -17.5,
      0.0,
      14.0
    ],
    [
      6.5,
      -8.5,
      -16.5,
      -8.0,
      -7.0,
      -32.5,
      -9.5,
      -17.5,
      -36.0,
      13.0,
      -27.0,
      -14.0,
      0.0
    ]
  ]
}