{
  "teams": [
    "Ampthill",
    "Bedford Blues",
    "Caldy",
    "Cambridge",
    "Chinnor RFC Thame",
    "Cornish Pirates",
    "Coventry",
    "Doncaster Knights",
    "Ealing Trailfinders",
    "Hartpury",
    "London Scottish",
    "Nottingham Rugby",
    "Richmond",
    "Worcester Warriors"
  ],
  "matrix": [
    [
      0.0,
      -38.0,
      -5.0,
      21.0,
      -7.0,
      -8.0,
      -42.0,
      8.0,
      -71.0,
      -10.0,
      6.0,
      9.0,
      5.0,
      -27.5
    ],
    [
      38.0,
      0.0,
      12.0,
      1.0,
      -10.0,
      1.0,
      1.0,
      4.0,
      -28.0,
      1.5,
      19.0,
      0.0,
      23.0,
      16.0
    ],
    [
      5.0,
      -12.0,
      0.0,
      9.5,
      -8.0,
      -7.0,
      -11.0,
      1.0,
      -38.0,
      -16.0,
      16.0,
      4.5,
      -6.5,
      -2.0
    ],
    [
      -21.0,
      -1.0,
      -9.5,
      0.0,
      -40.0,
      -52.0,
      -14.0,
      -13.5,
      -51.0,
      -20.0,
      -20.0,
      -4.0,
      -49.0,
      -47.0
    ],
    [
      7.0,
      10.0,
      8.0,
      40.0,
      0.0,
      37.0,
      13.0,
      2.0,
      -27.0,
      -12.0,
      2.0,
      -5.0,
      -5.0,
      1.0
    ],
    [
      8.0,
      -1.0,
      7.0,
      52.0,
      -37.0,
      0.0,
      -15.0,
      -16.0,
      -27.0,
      -1.0,
      29.5,
      8.0,
      9.0,
      -16.0
    ],
    [
      42.0,
      -1.0,
      11.0,
      14.0,
      -13.0,
      15.0,
      0.0,
      -3.0,
      -14.5,
      -5.0,
      51.0,
      5.0,
      35.0,
      -10.0
    ],
    [
      -8.0,
      -4.0,
      -1.0,
      13.5,
      -2.0,
      16.0,
      3.0,
      0.0,
      -14.0,
      0.0,
      -24.0,
      -18.0,
      24.0,
      -1.0
    ],
    [
      71.0,
      28.0,
      38.0,
      51.0,
      27.0,
      27.0,
      14.5,
      14.0,
      0.0,
      8.0,
      24.0,
      3.0,
      44.5,
      1.0
    ],
    [
      10.0,
      -1.5,
      16.0,
      20.0,
      12.0,
      1.0,
      5.0,
      0.0,
      -8.0,
      0.0,
      9.0,
      -14.0,
      -5.0,
      4.5
    ],
    [
      -6.0,
      -19.0,
      -16.0,
      20.0,
      -2.0,
      -29.5,
      -51.0,
      24.0,
      -24.0,
      -9.0,
      0.0,
      -17.0,
      1.0,
      -33.0
    ],
    [
      -9.0,
      0.0,
      -4.5,
      4.0,
      5.0,
      -8.0,
      -5.0,
      18.0,
      -3.0,
      14.0,
      17.0,
      0.0,
      0.0,
      -2.0
    ],
    [
      -5.0,
      -23.0,
      6.5,
      49.0,
      5.0,
      -9.0,
      -35.0,
      -24.0,
      -44.5,
      5.0,
      -1.0,
      0.0,
      0.0,
      -12.0
    ],
    [
      27.5,
      -16.0,
      2.0,
      47.0,
      -1.0,
      16.0,
      10.0,
      1.0,
      -1.0,
      -4.5,
      33.0,
      2.0,
      12.0,
      0.0
    ]
  ]
}