{
  "teams": [
    "Bayonne",
    "Bordeaux-Begles",
    "Castres",
    "Clermont",
    "La Rochelle",
    "Lyon",
    "Montpellier",
    "Oyonnax",
    "Pau",
    "Perpignan",
    "Racing 92",
    "Stade Francais",
    "Toulon",
    "Toulouse"
  ],
  "matrix": [
    [
      0.0,
      -10.0,
      -24.0,
      -12.0,
      -1.0,
      8.0,
      5.0,
      -1.5,
      8.5,
      -11.5,
      6.5,
      4.5,
      -20.5,
      -0.5
    ],
    [
      10.0,
      0.0,
      -13.5,
      19.5,
      8.0,
      9.5,
      3.0,
      19.5,
      -9.5,
      8.5,
      8.333333333333334,
      -2.0,
      5.0,
      -20.0
    ],
    [
      24.0,
      13.5,
      0.0,
      -9.5,
      2.0,
      0.0,
      -4.0,
      12.5,
      6.0,
      -17.5,
      -3.0,
      -7.0,
      -7.0,
      -9.5
    ],
    [
      12.0,
      -19.5,
      9.5,
      0.0,
      -19.0,
      -1.0,
      20.0,
      -9.5,
      -4.0,
      15.5,
      -5.5,
      11.5,
      -22.5,
      -12.5
    ],
    [
      1.0,
      -8.0,
      -2.0,
      19.0,
      0.0,
      5.0,
      -1.5,
      8.5,
      5.5,
      8.5,
      -8.5,
      7.5,
      4.333333333333333,
      1.6666666666666667
    ],
    [
      -8.0,
      -9.5,
      0.0,
      1.0,
      -5.0,
      0.0,
      -6.5,
      -0.5,
      -6.0,
      -9.5,
      2.0,
      -6.5,
      3.0,
      -16.5
    ],
    [
      -5.0,
      -3.0,
      4.0,
      -20.0,
      1.5,
      6.5,
      0.0,
      -0.5,
      -1.5,
      -6.0,
      10.5,
      -8.5,
      -18.5,
      -16.0
    ],
    [
      1.5,
      -19.5,
      -12.5,
      9.5,
      -8.5,
      0.5,
      0.5,
      0.0,
      -0.5,
      -8.0,
      -43.0,
      -7.0,
      -22.0,
      -16.5
    ],
    [
      -8.5,
      9.5,
      -6.0,
      4.0,
      -5.5,
      6.0,
      1.5,
      0.5,
      0.0,
      13.5,
      -3.5,
      5.5,
      -7.5,
      1.0
    ],
    [
      11.5,
      -8.5,
      17.5,
      -15.5,
      -8.5,
      9.5,
      6.0,
      8.0,
      -13.5,
      0.0,
      -14.0,
      -17.5,
      -9.0,
      0.5
    ],
    [
      -6.5,
      -8.333333333333334,
      3.0,
      5.5,
      8.5,
      -2.0,
      -10.5,
      43.0,
      3.5,
      14.0,
      0.0,
      -6.0,
      4.5,
      -13.5
    ],
    [
      -4.5,
      2.0,
      7.0,
      -11.5,
      -7.5,
      6.5,
      8.5,
      7.0,
      -5.5,
      17.5,
      6.0,
      0.0,
      -5.5,
      -8.0
    ],
    [
      20.5,
      -5.0,
      7.0,
      22.5,
      -4.333333333333333,
      -3.0,
      18.5,
      22.0,
      7.5,
      9.0,
      -4.5,
      5.5,
      0.0,
      -3.5
    ],
    [
      0.5,
      20.0,
      9.5,
      12.5,
      -1.6666666666666667,
      16.5,
      16.0,
      16.5,
      -1.0,
      -0.5,
      13.5,
      8.0,
      3.5,
      0.0
    ]
  ]
}