{
  "teams": [
    "England",
    "France",
    "Ireland",
    "Italy",
    "Scotland",
    "Wales"
  ],
  "matrix": [
    [
      0.0,
      -43.0,
      -13.0,
      17.0,
      -6.0,
      10.0
    ],
    [
      43.0,
      0.0,
      -13.0,
      5.0,
      11.0,
      13.0
    ],
    [
      13.0,
      13.0,
      0.0,
      14.0,
      15.0,
      24.0
    ],
    [
      -17.0,
      -5.0,
      -14.0,
      0.0,
      -12.0,
      -12.0
    ],
    [
      6.0,
      -11.0,
      -15.0,
      12.0,
      0.0,
      28.0
    ],
    [
      -10.0,
      -13.0,
      -24.0,
      12.0,
      -28.0,
      0.0
    ]
  ]
}