{
  "teams": [
    "Bayonne",
    "Bordeaux-Begles",
    "Castres",
    "Clermont",
    "La Rochelle",
    "Lyon",
    "Montauban",
    "Montpellier",
    "Pau",
    "Perpignan",
    "Racing 92",
    "Stade Francais",
    "Toulon",
    "Toulouse"
  ],
  "matrix": [
    [
      0.0,
      -29.0,
      -17.0,
      27.0,
      -32.0,
      2.0,
      42.0,
      -18.5,
      -23.0,
      7.0,
      -20.0,
      1.0,
      3.0,
      -3.5
    ],
    [
      29.0,
      0.0,
      2.0,
      -15.0,
      5.0,
      12.0,
      31.0,
      -4.0,
      -1.0,
      15.0,
      15.0,
      -13.0,
      39.0,
      -43.0
    ],
    [
      17.0,
      -2.0,
      0.0,
      -22.0,
      2.0,
      14.0,
      4.0,
      -2.0,
      -2.0,
      16.0,
      4.0,
      -6.5,
      -4.0,
      -47.0
    ],
    [
      -27.0,
      15.0,
      22.0,
      0.0,
      -6.5,
      -19.0,
      34.0,
      2.0,
      23.0,
      -6.0,
      -12.0,
      4.0,
      17.0,
      -10.0
    ],
    [
      32.0,
      -5.0,
      -2.0,
      6.5,
      0.0,
      -1.5,
      35.0,
      -24.0,
      -20.0,
      23.0,
      27.0,
      -2.0,
      20.5,
      -46.0
    ],
    [
      -2.0,
      -12.0,
      -14.0,
      19.0,
      1.5,
      0.0,
      7.0,
      -22.0,
      -10.0,
      25.0,
      12.0,
      5.0,
      -33.0,
      -22.0
    ],
    [
      -42.0,
      -31.0,
      -4.0,
      -34.0,
      -35.0,
      -7.0,
      0.0,
      0.0,
      -36.0,
      -8.0,
      -45.0,
      -23.0,
      -26.0,
      -42.0
    ],
    [
      18.5,
      4.0,
      2.0,
      -2.0,
      24.0,
      22.0,
      0.0,
      0.0,
      -2.0,
      28.0,
      -7.0,
      7.0,
      -6.5,
      30.0
    ],
    [
      23.0,
      1.0,
      2.0,
      -23.0,
      20.0,
      10.0,
      36.0,
      2.0,
      0.0,
      4.0,
      -5.0,
      24.0,
      2.0,
      -16.5
    ],
    [
      -7.0,
      -15.0,
      -16.0,
      6.0,
      -23.0,
      -25.0,
      8.0,
      -28.0,
      -4.0,
      0.0,
      -9.5,
      -17.0,
      -15.0,
      -7.5
    ],
    [
      20.0,
      -15.0,
      -4.0,
      12.0,
      -27.0,
      -12.0,
      45.0,
      7.0,
      5.0,
      9.5,
      0.0,
      0.0,
      -24.0,
      -24.0
    ],
    [
      -1.0,
      13.0,
      6.5,
      -4.0,
      2.0,
      -5.0,
      23.0,
      -7.0,
      -24.0,
      17.0,
      0.0,
      0.0,
      27.0,
      -12.0
    ],
    [
      -3.0,
      -39.0,
      4.0,
      -17.0,
      -20.5,
      33.0,
      26.0,
      6.5,
      -2.0,
      15.0,
      24.0,
      -27.0,
      0.0,
      -35.0
    ],
    [
      3.5,
      43.0,
      47.0,
      10.0,
      46.0,
      22.0,
      42.0,
      -30.0,
      16.5,
      7.5,
      24.0,
      12.0,
      35.0,
      0.0
    ]
  ]
}