{
  "teams": [
    "Benetton Rugby",
    "Cardiff Rugby",
    "Connacht Rugby",
    "DHL Stormers",
    "Dragons RFC",
    "Edinburgh Rugby",
    "Emirates Lions",
    "Glasgow Warriors",
    "Hollywoodbets Sharks",
    "Leinster Rugby",
    "Munster Rugby",
    "Ospreys",
    "Scarlets",
    "Ulster Rugby",
    "Vodacom Bulls",
    "Zebre Parma"
  ],
  "matrix": [
    [
      0.0,
      48.0,
      -4.0,
      4.0,
      0.0,
      -6.5,
      -8.0,
      -4.5,
      -22.0,
      -44.0,
      -29.0,
      -3.0,
      -6.0,
      -20.0,
      -17.0,
      23.5
    ],
    [
      -48.0,
      0.0,
      12.0,
      -37.0,
      1.5,
      -24.0,
      -17.0,
      4.0,
      6.0,
      2.0,
      -21.0,
      -10.0,
      -25.0,
      -36.0,
      -10.0,
      28.0
    ],
    [
      4.0,
      -12.0,
      0.0,
      2.0,
      -13.0,
      -48.0,
      3.0,
      -22.0,
      -20.0,
      -32.5,
      0.0,
      28.0,
      6.0,
      2.5,
      27.0,
      2.0
    ],
    [
      -4.0,
      37.0,
      -2.0,
      0.0,
      14.0,
      0.0,
      2.0,
      25.0,
      5.0,
      7.0,
      -16.0,
      16.0,
      5.0,
      2.5,
      3.6666666666666665,
      48.0
    ],
    [
      0.0,
      -1.5,
      13.0,
      -14.0,
      0.0,
      -16.0,
      -10.0,
      -19.0,
      -48.0,
      -1.0,
      -61.0,
      -11.5,
      -4.0,
      -12.0,
      -35.0,
      -5.0
    ],
    [
      6.5,
      24.0,
      48.0,
      0.0,
      16.0,
      0.0,
      -6.0,
      2.0,
      16.0,
      -19.0,
      -14.0,
      -4.0,
      4.0,
      -6.0,
      7.0,
      10.0
    ],
    [
      8.0,
      17.0,
      -3.0,
      -2.0,
      10.0,
      6.0,
      0.0,
      -4.0,
      -18.5,
      -8.0,
      2.0,
      30.0,
      -23.0,
      -16.0,
      -16.0,
      12.0
    ],
    [
      4.5,
      -4.0,
      22.0,
      -25.0,
      19.0,
      -2.0,
      4.0,
      0.0,
      11.0,
      -16.0,
      2.0,
      19.0,
      -25.0,
      -6.0,
      -12.0,
      19.5
    ],
    [
      22.0,
      -6.0,
      20.0,
      -5.0,
      48.0,
      -16.0,
      18.5,
      -11.0,
      0.0,
      5.0,
      -25.0,
      14.0,
      17.0,
      -3.0,
      10.5,
      32.0
    ],
    [
      44.0,
      -2.0,
      32.5,
      -7.0,
      1.0,
      19.0,
      8.0,
      16.0,
      -5.0,
      0.0,
      12.5,
      22.0,
      35.0,
      -7.5,
      13.5,
      36.0
    ],
    [
      29.0,
      21.0,
      0.0,
      16.0,
      61.0,
      14.0,
      -2.0,
      -2.0,
      25.0,
      -12.5,
      0.0,
      -8.0,
      30.0,
      6.0,
      -5.0,
      17.0
    ],
    [
      3.0,
      10.0,
      -28.0,
      -16.0,
      11.5,
      4.0,
      -30.0,
      -19.0,
      -14.0,
      -22.0,
      8.0,
      0.0,
      7.5,
      6.0,
      -7.0,
      5.0
    ],
    [
      6.0,
      25.0,
      -6.0,
      -5.0,
      4.0,
      -4.0,
      23.0,
      25.0,
      -17.0,
      -35.0,
      -30.0,
      -7.5,
      0.0,
      -12.0,
      -45.0,
      17.0
    ],
    [
      20.0,
      36.0,
      -2.5,
      -2.5,
      12.0,
      6.0,
      16.0,
      6.0,
      3.0,
      7.5,
      -6.0,
      -6.0,
      12.0,
      0.0,
      -18.0,
      33.0
    ],
    [
      17.0,
      10.0,
      -27.0,
      -3.6666666666666665,
      35.0,
      -7.0,
      16.0,
      12.0,
      -10.5,
      -13.5,
      5.0,
      7.0,
      45.0,
      18.0,
      0.0,
      38.0
    ],
    [
      -23.5,
      -28.0,
      -2.0,
      -48.0,
      5.0,
      -10.0,
      -12.0,
      -19.5,
      -32.0,
      -36.0,
      -17.0,
      -5.0,
      -17.0,
      -33.0,
      -38.0,
      0.0
    ]
  ]
}