{
  "teams": [
    "Bath Rugby",
    "Bristol Bears",
    "Exeter Chiefs",
    "Gloucester Rugby",
    "Harlequins",
    "Leicester Tigers",
    "Newcastle Falcons",
    "Northampton Saints",
    "Sale Sharks",
    "Saracens",
    "Wasps",
    "Worcester Warriors"
  ],
  "matrix": [
    [
      0.0,
      3.0,
      -1.5,
      16.5,
      4.5,
      -7.0,
      25.5,
      3.0,
      12.0,
      -20.0,
      -17.5,
      4.5
    ],
    [
      -3.0,
      0.0,
      -14.0,
      -13.0,
      -18.0,
      -19.0,
      -8.5,
      -14.0,
      -8.5,
      -28.5,
      -31.5,
      -4.5
    ],
    [
      1.5,
      14.0,
      0.0,
      7.0,
      12.0,
      20.0,
      17.5,
      11.5,
      11.5,
      -6.333333333333333,
      -0.6666666666666666,
      25.5
    ],
    [
      -16.5,
      13.0,
      -7.0,
      0.0,
      -3.5,
      -16.0,
      -3.5,
      -2.0,
      11.0,
      2.0,
      2.5,
      18.0
    ],
    [
      -4.5,
      18.0,
      -12.0,
      3.5,
      0.0,
      -14.0,
      15.0,
      4.5,
      -3.0,
      -7.0,
      -5.0,
      7.5
    ],
    [
      7.0,
      19.0,
      -20.0,
      16.0,
      14.0,
      0.0,
      14.0,
      6.5,
      9.5,
      -9.0,
      -6.333333333333333,
      13.0
    ],
    [
      -25.5,
      8.5,
      -17.5,
      3.5,
      -15.0,
      -14.0,
      0.0,
      10.5,
      0.0,
      -11.5,
      -14.5,
      0.0
    ],
    [
      -3.0,
      14.0,
      -11.5,
      2.0,
      -4.5,
      -6.5,
      -10.5,
      0.0,
      19.5,
      -8.5,
      -3.5,
      5.5
    ],
    [
      -12.0,
      8.5,
      -11.5,
      -11.0,
      3.0,
      -9.5,
      0.0,
      -19.5,
      0.0,
      -13.0,
      -2.0,
      5.0
    ],
    [
      20.0,
      28.5,
      6.333333333333333,
      -2.0,
      7.0,
      9.0,
      11.5,
      8.5,
      13.0,
      0.0,
      -2.0,
      13.0
    ],
    [
      17.5,
      31.5,
      0.6666666666666666,
      -2.5,
      5.0,
      6.333333333333333,
      14.5,
      3.5,
      2.0,
      2.0,
      0.0,
      10.5
    ],
    [
      -4.5,
      4.5,
      -25.5,
      -18.0,
      -7.5,
      -13.0,
      0.0,
      -5.5,
      -5.0,
      -13.0,
      -10.5,
      0.0
    ]
  ]
}