{
  "teams": [
    "Agen",
    "Aurillac",
    "Beziers",
    "Biarritz",
    "Brive",
    "Colomiers",
    "Dax",
    "Grenoble",
    "Mont-de-Marsan",
    "Montauban",
    "Nevers",
    "Nice",
    "Oyonnax",
    "Provence",
    "Soyaux Angouleme",
    "Valence-Romans"
  ],
  "matrix": [
    [
      0.0,
      9.0,
      2.0,
      4.5,
      -14.0,
      9.0,
      10.0,
      -10.5,
      5.0,
      -14.5,
      8.5,
      -3.0,
      9.0,
      -5.0,
      -1.0,
      -1.0
    ],
    [
      -9.0,
      0.0,
      -1.5,
      -7.0,
      -31.0,
      -3.0,
      5.0,
      -19.0,
      -9.0,
      -11.0,
      32.0,
      1.0,
      -7.0,
      -5.0,
      -13.5,
      -11.0
    ],
    [
      -2.0,
      1.5,
      0.0,
      -4.0,
      -5.0,
      -4.0,
      3.0,
      -17.0,
      -15.0,
      14.0,
      4.5,
      18.5,
      3.0,
      19.0,
      17.5,
      4.5
    ],
    [
      -4.5,
      7.0,
      4.0,
      0.0,
      -11.0,
      -9.0,
      -2.5,
      2.0,
      -22.5,
      0.0,
      29.0,
      16.0,
      6.5,
      25.0,
      -13.0,
      0.5
    ],
    [
      14.0,
      31.0,
      5.0,
      11.0,
      0.0,
      16.5,
      -5.5,
      -12.0,
      -4.5,
      9.5,
      -1.0,
      14.5,
      -4.5,
      -3.0,
      13.5,
      -3.0
    ],
    [
      -9.0,
      3.0,
      4.0,
      9.0,
      -16.5,
      0.0,
      13.0,
      -29.0,
      17.5,
      4.0,
      4.5,
      9.0,
      23.0,
      0.0,
      -2.0,
      6.0
    ],
    [
      -10.0,
      -5.0,
      -3.0,
      2.5,
      5.5,
      -13.0,
      0.0,
      -8.5,
      29.0,
      12.0,
      2.5,
      3.0,
      6.5,
      -28.0,
      -15.5,
      -1.5
    ],
    [
      10.5,
      19.0,
      17.0,
      -2.0,
      12.0,
      29.0,
      8.5,
      0.0,
      8.5,
      7.5,
      6.0,
      31.0,
      15.0,
      -1.5,
      9.0,
      22.0
    ],
    [
      -5.0,
      9.0,
      15.0,
      22.5,
      4.5,
      -17.5,
      -29.0,
      -8.5,
      0.0,
      -14.0,
      -13.0,
      1.0,
      6.0,
      -11.0,
      3.5,
      -5.0
    ],
    [
      14.5,
      11.0,
      -14.0,
      0.0,
      -9.5,
      -4.0,
      -12.0,
      -7.5,
      14.0,
      0.0,
      20.0,
      6.0,
      -17.5,
      2.0,
      -7.0,
      1.5
    ],
    [
      -8.5,
      -32.0,
      -4.5,
      -29.0,
      1.0,
      -4.5,
      -2.5,
      -6.0,
      13.0,
      -20.0,
      0.0,
      15.0,
      -1.5,
      -6.5,
      -25.0,
      10.0
    ],
    [
      3.0,
      -1.0,
      -18.5,
      -16.0,
      -14.5,
      -9.0,
      -3.0,
      -31.0,
      -1.0,
      -6.0,
      -15.0,
      0.0,
      -33.5,
      -3.0,
      -23.0,
      -14.0
    ],
    [
      -9.0,
      7.0,
      -3.0,
      -6.5,
      4.5,
      -23.0,
      -6.5,
      -15.0,
      -6.0,
      17.5,
      1.5,
      33.5,
      0.0,
      -35.0,
      43.0,
      -2.0
    ],
    [
      5.0,
      5.0,
      -19.0,
      -25.0,
      3.0,
      0.0,
      28.0,
      1.5,
      11.0,
      -2.0,
      6.5,
      3.0,
      35.0,
      0.0,
      8.0,
      -23.0
    ],
    [
      1.0,
      13.5,
      -17.5,
      13.0,
      -13.5,
      2.0,
      15.5,
      -9.0,
      -3.5,
      7.0,
      25.0,
      23.0,
      -43.0,
      -8.0,
      0.0,
      10.0
    ],
    [
      1.0,
      11.0,
      -4.5,
      -0.5,
      3.0,
      -6.0,
      1.5,
      -22.0,
      5.0,
      -1.5,
      -10.0,
      14.0,
      2.0,
      23.0,
      -10.0,
      0.0
    ]
  ]
}