{
  "teams": [
    "Bath Rugby",
    "Bristol Bears",
    "Exeter Chiefs",
    "Gloucester Rugby",
    "Harlequins",
    "Leicester Tigers",
    "Newcastle",
    "Northampton Saints",
    "Sale Sharks",
    "Saracens"
  ],
  "matrix": [
    [
      0.0,
      -6.0,
      14.5,
      12.5,
      2.0,
      -7.0,
      9.5,
      7.0,
      8.0,
      3.0
    ],
    [
      6.0,
      0.0,
      -9.5,
      17.0,
      11.5,
      6.5,
      39.5,
      18.5,
      -3.0,
      -14.5
    ],
    [
      -14.5,
      9.5,
      0.0,
      11.0,
      12.0,
      0.5,
      7.5,
      -10.5,
      3.5,
      18.5
    ],
    [
      -12.5,
      -17.0,
      -11.0,
      0.0,
      -2.5,
      -8.0,
      22.0,
      -46.0,
      -1.0,
      -21.5
    ],
    [
      -2.0,
      -11.5,
      -12.0,
      2.5,
      0.0,
      1.5,
      24.5,
      3.0,
      13.5,
      -36.5
    ],
    [
      7.0,
      -6.5,
      -0.5,
      8.0,
      -1.5,
      0.0,
      25.0,
      -7.0,
      -8.0,
      -3.0
    ],
    [
      -9.5,
      -39.5,
      -7.5,
      -22.0,
      -24.5,
      -25.0,
      0.0,
      -13.5,
      -19.5,
      -28.0
    ],
    [
      -7.0,
      -18.5,
      10.5,
      46.0,
      -3.0,
      7.0,
      13.5,
      0.0,
      -0.5,
      6.333333333333333
    ],
    [
      -8.0,
      3.0,
      -3.5,
      1.0,
      -13.5,
      8.0,
      19.5,
      0.5,
      0.0,
      6.0
    ],
    [
      -3.0,
      14.5,
      -18.5,
      21.5,
      36.5,
      3.0,
      28.0,
      -6.333333333333333,
      -6.0,
      0.0
    ]
  ]
}