{
  "teams": [
    "Bayonne",
    "Bordeaux-Begles",
    "Castres",
    "Clermont",
    "La Rochelle",
    "Lyon",
    "Montpellier",
    "Pau",
    "Perpignan",
    "Racing 92",
    "Stade Francais",
    "Toulon",
    "Toulouse",
    "Vannes"
  ],
  "matrix": [
    [
      0.0,
      0.5,
      -4.5,
      4.666666666666667,
      14.5,
      12.5,
      -15.5,
      -8.5,
      -1.5,
      8.5,
      2.0,
      -6.0,
      -12.666666666666666,
      6.0
    ],
    [
      -0.5,
      0.0,
      7.5,
      -0.5,
      -10.5,
      -2.0,
      -8.0,
      8.5,
      33.0,
      6.5,
      23.5,
      0.6666666666666666,
      2.0,
      19.5
    ],
    [
      4.5,
      -7.5,
      0.0,
      -19.5,
      2.0,
      1.5,
      0.0,
      -1.0,
      7.5,
      5.0,
      5.5,
      -9.666666666666666,
      -20.5,
      6.5
    ],
    [
      -4.666666666666667,
      0.5,
      19.5,
      0.0,
      4.5,
      8.0,
      4.5,
      13.0,
      -6.0,
      -7.5,
      2.5,
      -3.0,
      -25.5,
      11.5
    ],
    [
      -14.5,
      10.5,
      -2.0,
      -4.5,
      0.0,
      -7.5,
      6.5,
      5.0,
      7.5,
      -2.0,
      6.0,
      -7.5,
      -2.5,
      -4.0
    ],
    [
      -12.5,
      2.0,
      -1.5,
      -8.0,
      7.5,
      0.0,
      6.5,
      -8.0,
      1.0,
      -6.5,
      15.5,
      -2.0,
      -20.0,
      2.5
    ],
    [
      15.5,
      8.0,
      0.0,
      -4.5,
      -6.5,
      -6.5,
      0.0,
      12.5,
      12.5,
      3.0,
      -1.5,
      -10.5,
      -9.5,
      -5.5
    ],
    [
      8.5,
      -8.5,
      1.0,
      -13.0,
      -5.0,
      8.0,
      -12.5,
      0.0,
      8.0,
      4.0,
      6.0,
      -13.5,
      -26.5,
      25.0
    ],
    [
      1.5,
      -33.0,
      -7.5,
      6.0,
      -7.5,
      -1.0,
      -12.5,
      -8.0,
      0.0,
      -1.5,
      -7.5,
      -15.0,
      -12.5,
      9.5
    ],
    [
      -8.5,
      -6.5,
      -5.0,
      7.5,
      2.0,
      6.5,
      -3.0,
      -4.0,
      1.5,
      0.0,
      4.5,
      2.0,
      -1.0,
      -1.0
    ],
    [
      -2.0,
      -23.5,
      -5.5,
      -2.5,
      -6.0,
      -15.5,
      1.5,
      -6.0,
      7.5,
      -4.5,
      0.0,
      -11.0,
      -10.5,
      -1.0
    ],
    [
      6.0,
      -0.6666666666666666,
      9.666666666666666,
      3.0,
      7.5,
      2.0,
      10.5,
      13.5,
      15.0,
      -2.0,
      11.0,
      0.0,
      -43.0,
      12.5
    ],
    [
      12.666666666666666,
      -2.0,
      20.5,
      25.5,
      2.5,
      20.0,
      9.5,
      26.5,
      12.5,
      1.0,
      10.5,
      43.0,
      0.0,
      33.5
    ],
    [
      -6.0,
      -19.5,
      -6.5,
      -11.5,
      4.0,
      -2.5,
      5.5,
      -25.0,
      -9.5,
      1.0,
      1.0,
      -12.5,
      -33.5,
      0.0
    ]
  ]
}