{
  "teams": [
    "Bath Rugby",
    "Bristol Bears",
    "Exeter Chiefs",
    "Gloucester Rugby",
    "Harlequins",
    "Leicester Tigers",
    "Newcastle Falcons",
    "Northampton Saints",
    "Sale Sharks",
    "Saracens",
    "Wasps",
    "Worcester Warriors"
  ],
  "matrix": [
    [
      0.0,
      0.0,
      -17.0,
      -2.0,
      1.5,
      4.0,
      4.5,
      0.5,
      -1.5,
      -7.0,
      11.0,
      6.5
    ],
    [
      0.0,
      0.0,
      -3.5,
      -9.0,
      -1.5,
      17.0,
      7.0,
      -1.5,
      -8.5,
      -9.5,
      -5.533333333333333,
      -23.5
    ],
    [
      17.0,
      3.5,
      0.0,
      5.0,
      0.0,
      33.0,
      12.5,
      15.333333333333334,
      11.5,
      -5.333333333333333,
      2.0,
      10.0
    ],
    [
      2.0,
      9.0,
      -5.0,
      0.0,
      10.0,
      2.5,
      6.0,
      10.0,
      -10.0,
      -14.0,
      13.5,
      6.5
    ],
    [
      -1.5,
      1.5,
      0.0,
      -10.0,
      0.0,
      -3.5,
      17.0,
      -4.0,
      8.5,
      -6.0,
      2.5,
      3.5
    ],
    [
      -4.0,
      -17.0,
      -33.0,
      -2.5,
      3.5,
      0.0,
      10.5,
      -3.0,
      -11.5,
      -14.0,
      -0.5,
      -5.5
    ],
    [
      -4.5,
      -7.0,
      -12.5,
      -6.0,
      -17.0,
      -10.5,
      0.0,
      -6.0,
      -4.0,
      -12.5,
      0.0,
      7.0
    ],
    [
      -0.5,
      1.5,
      -15.333333333333334,
      -10.0,
      4.0,
      3.0,
      6.0,
      0.0,
      22.5,
      -15.0,
      4.0,
      27.0
    ],
    [
      1.5,
      8.5,
      -11.5,
      10.0,
      -8.5,
      11.5,
      4.0,
      -22.5,
      0.0,
      0.0,
      -6.0,
      -8.0
    ],
    [
      7.0,
      9.5,
      5.333333333333333,
      14.0,
      6.0,
      14.0,
      12.5,
      15.0,
      0.0,
      0.0,
      20.0,
      3.0
    ],
    [
      -11.0,
      5.5,
      -2.0,
      -13.5,
      -2.5,
      0.5,
      0.0,
      -4.0,
      6.0,
      -20.0,
      0.0,
      6.5
    ],
    [
      -6.5,
      23.5,
      -10.0,
      -6.5,
      -3.5,
      5.5,
      -7.0,
      -27.0,
      8.0,
      -3.0,
      -6.5,
      0.0
    ]
  ]
}