{
  "teams": [
    "Bath Rugby",
    "Exeter Chiefs",
    "Gloucester Rugby",
    "Harlequins",
    "Leicester Tigers",
    "London Irish",
    "London Welsh",
    "Newcastle Falcons",
    "Northampton Saints",
    "Sale Sharks",
    "Saracens",
    "Wasps"
  ],
  "matrix": [
    [
      0.0,
      3.5,
      21.5,
      10.0,
      24.147058823529413,
      17.5,
      21.0,
      9.5,
      -7.5,
      9.0,
      -4.0,
      3.0
    ],
    [
      -3.5,
      0.0,
      1.0,
      16.866666666666667,
      -5.5,
      9.0,
      53.5,
      12.0,
      8.444444444444445,
      10.5,
      6.0,
      4.5
    ],
    [
      -21.5,
      -1.0,
      0.0,
      -5.0,
      7.0,
      17.0,
      37.0,
      -4.0,
      -23.5,
      -5.0,
      -2.911111111111111,
      -9.0
    ],
    [
      -10.0,
      -16.866666666666667,
      5.0,
      0.0,
      7.0,
      5.5,
      33.45238095238095,
      -4.0,
      -4.5,
      -1.0,
      -33.5,
      -13.622222222222222
    ],
    [
      -24.333333333333332,
      5.5,
      -7.0,
      -7.0,
      0.0,
      1.5,
      21.0,
      11.5,
      2.0,
      11.0,
      -8.0,
      3.5
    ],
    [
      -17.5,
      -9.0,
      -17.0,
      -5.5,
      -1.5,
      0.0,
      26.5,
      1.5,
      -6.5,
      -13.0,
      -10.0,
      -16.0
    ],
    [
      -21.0,
      -53.5,
      -37.0,
      -34.0,
      -21.0,
      -26.5,
      0.0,
      -25.5,
      -37.5,
      -39.0,
      -61.0,
      -45.5
    ],
    [
      -9.511111111111111,
      -12.0,
      4.0,
      4.0,
      -11.5,
      -1.5,
      25.5,
      0.0,
      -16.5,
      -5.5,
      -3.5,
      -8.5
    ],
    [
      7.5,
      -8.5,
      23.5,
      4.5,
      -2.0,
      6.5,
      37.5,
      16.5,
      0.0,
      10.0,
      2.3333333333333335,
      9.0
    ],
    [
      -9.0,
      -10.5,
      5.0,
      1.0,
      -11.0,
      13.0,
      39.0,
      5.5,
      -10.0,
      0.0,
      -8.5,
      -7.0
    ],
    [
      4.0,
      -6.0,
      3.0,
      33.5,
      8.0,
      10.0,
      61.0,
      3.5,
      -2.3333333333333335,
      8.5,
      0.0,
      7.466666666666667
    ],
    [
      -3.0,
      -4.5,
      9.0,
      14.0,
      -3.5,
      16.0,
      45.5,
      8.5,
      -9.0,
      7.0,
      -7.5,
      0.0
    ]
  ]
}